9
340
713
717
828
854
781
963
432
986
52
941
820
893
334
13
1062
353
959
367
450
964
297
335
932
250
839
1055
175
460
184
434
549
226
305
512
657
949
370
41
33
965
899
928
245
442
147
1059
518
673
562
190
813
917
505
71
384
539
956
89
1108
372
879
972
139
268
661
796
831
620
567
332
1104
115
728
317
978
319
955
256
515
345
159
415
757
188
294
90
150
461
257
847
375
716
271
740
721
765
689
1114
578
527
1080
970
97
1005
49
299
1053
1081
929
804
575
709
977
909
351
789
775
83
1041
1039
381
196
258
531
958
201
374
811
66
883
275
895
950
101
50
155
145
936
572
502
24
513
439
1022
795
222
180
1107
885
923
243
369
535
347
199
295
924
739
320
756
341
948
174
304
921
1095
1069
787
229
1076
782
46
726
25
1010
636
361
215
629
173
191
723
476
830
837
892
653
424
876
284
557
940
479
521
382
296
316
612
911
1024
982
800
525
534
255
167
780
675
59
43
532
990
409
984
1030
540
414
865
404
925
664
555
937
877
143
863
1021
920
966
849
773
827
509
791
922
872
454
971
156
627
326
96
185
997
735
1100
778
452
277
1078
1090
488
952
901
342
543
420
220
610
1040
1054
508
2
733
1077
1065
897
510
427
809
267
797
481
744
124
711
1109
74
410
157
398
841
745
790
378
283
4
727
468
667
471
1036
131
558
349
771
289
337
70
321
480
551
1117
638
900
458
516
945
599
794
838
198
1082
642
694
251
1057
262
573
848
590
608
996
729
130
161
619
235
821
82
203
103
913
15
1038
248
279
1020
571
779
8
851
86
31
906
603
219
644
65
545
1087
154
0
621
494
522
486
20
1110
693
1091
238
217
520
793
406
634
281
842
993
730
408
568
655
470
1034
273
192
861
1006
618
592
683
891
994
457
242
68
67
117
651
669
232
467
274
919
270
194
138
792
1044
127
276
73
179
308
1112
39
697
376
989
684
23
176
447
585
991
1060
526
55
498
1084
748
766
380
306
1017
741
122
14
292
1048
482
755
606
390
749
170
1014
423
1063
930
760
264
732
761
770
107
246
193
915
396
645
566
465
665
1106
120
58
200
503
303
309
983
902
195
1012
992
898
550
1070
552
501
999
605
1068
102
967
918
287
1025
348
916
360
387
212
1058
1037
586
857
373
144
178
529
1096
445
981
736
565
17
104
354
254
856
670
708
810
720
869
109
822
1033
111
99
249
116
582
362
976
998
152
286
218
1102
987
280
910
666
593
995
323
69
894
27
1049
339
417
882
477
421
908
834
100
871
61
1115
331
1094
455
1111
1120
767
1116
829
875
22
679
907
293
772
314
363
54
564
867
364
542
393
668
499
165
692
1004
677
807
896
858
7
413
307
418
253
624
355
973
579
1099
633
428
291
28
230
870
237
868
1050
1118
51
244
934
1011
290
172
247
252
700
609
719
581
647
584
663
302
1016
580
182
141
36
148
431
546
824
225
641
786
42
836
64
1023
483
957
514
935
328
889
931
1119
559
240
604
288
944
873
1072
60
774
587
1101
1029
76
333
968
216
635
327
315
886
313
632
674
132
231
536
426
938
394
446
37
344
1098
325
672
18
750
113
411
688
943
1009
140
884
135
962
506
1026
234
631
798
496
905
600
92
701
211
763
389
359
125
422
448
640
208
266
379
738
706
637
497
358
310
1028
850
1001
57
301
537
77
403
702
563
602
429
433
601
866
685
825
26
87
903
1
715
272
312
85
236
233
852
589
554
1019
119
801
62
615
474
704
816
493
443
440
395
753
628
183
151
160
743
285
650
146
1007
762
1105
106
34
504
451
517
626
979
980
123
699
407
214
32
859
671
438
961
607
357
223
205
98
933
682
662
466
419
860
954
788
617
158
714
785
769
459
241
35
776
1066
802
1052
500
187
751
485
814
1032
88
835
114
759
548
648
197
453
343
975
507
118
425
56
742
681
400
530
731
136
169
819
11
260
1003
874
862
368
129
1071
21
350
639
371
365
799
687
583
491
213
133
812
611
338
6
29
912
553
95
1045
623
547
818
1073
189
300
137
40
171
676
228
888
366
598
533
691
595
878
541
974
437
823
591
464
164
953
1061
495
469
881
210
227
261
484
712
311
385
864
5
91
656
686
78
38
887
942
126
44
570
166
487
752
1031
724
646
162
696
490
747
594
707
80
845
569
783
722
1051
492
840
206
265
758
221
318
391
652
754
826
1088
1018
1013
472
463
1046
947
817
832
1047
444
10
79
128
1015
47
386
399
377
1092
969
430
764
168
397
269
880
449
142
914
330
556
614
660
30
181
988
1113
574
48
951
75
808
153
737
105
475
1042
441
405
926
1075
777
904
846
806
1067
853
84
134
658
1093
473
263
402
1064
177
45
698
401
576
112
3
108
207
725
282
324
336
94
478
630
1079
927
519
985
63
946
616
121
186
890
204
209
560
734
1074
388
1000
718
1035
538
1097
1043
680
383
524
561
643
710
110
833
649
352
1086
416
815
224
149
298
489
523
239
690
596
746
613
1056
412
622
528
462
19
346
659
81
16
329
703
654
1089
705
278
1027
678
960
544
1085
784
695
456
768
202
163
93
356
577
511
72
805
259
12
1083
844
435
436
53
597
803
1002
843
855
392
1008
322
1103
625
939
588
