860
964
1207
795
4031
2018
3160
1902
562
759
2662
2591
1835
2485
3232
245
859
872
2225
908
3435
763
265
3420
1116
3702
1303
2568
4377
3228
2881
115
2734
3839
602
920
1859
2080
1542
528
894
3974
901
2418
2476
1853
1470
157
592
198
1441
1807
1698
1165
1646
3623
1068
1573
138
3491
3395
1269
3019
2924
1928
2687
4099
2703
1422
4256
3267
3371
499
1089
3849
1979
20
2558
2015
3141
1693
506
806
231
2644
3427
4232
1387
3084
1506
1198
1133
4248
2545
158
2968
3304
2403
709
4058
678
4072
1485
907
3666
4287
1295
2105
4275
4168
3226
4148
718
3212
567
1147
147
2378
824
3566
1582
2144
3806
835
1618
4388
2729
956
189
2905
1744
4127
2650
2859
2459
3529
2781
553
4315
1678
2680
3298
1868
1999
2315
1163
2665
3877
2178
1769
3174
1777
1462
880
1168
2502
612
3023
3251
3001
3031
1780
76
2605
1931
1129
3725
1661
4251
4281
1512
4059
525
3421
369
1392
1677
1105
849
3318
4267
248
2274
3290
3438
955
1037
929
3392
710
3585
2353
1237
31
1206
3531
3793
1061
3502
116
1009
1219
3819
70
2
2046
139
2689
3978
2361
1620
3675
2455
4024
2380
676
3837
207
3520
613
813
1704
32
3917
999
3743
153
59
3573
2907
3540
2853
1985
4160
3931
2164
523
4399
2512
1318
430
3393
658
3105
1516
1135
314
2147
2715
3701
615
742
927
2044
2421
3388
2557
396
46
1792
802
3516
992
3647
3672
3538
4027
2524
4081
2241
4121
4206
3975
3172
1326
3742
2444
1906
2569
1548
2019
918
220
3319
2247
629
3021
1914
931
2373
1532
1558
2066
2255
3966
2319
2224
4366
533
1026
2142
1117
3756
607
2560
3470
507
1888
3210
1213
1437
491
942
864
716
2833
2387
1628
945
1151
3509
400
2036
2982
1356
210
2837
1228
1405
1398
1776
330
3692
636
749
1894
1631
2624
3408
2357
2894
726
4126
2359
2794
1969
4378
2259
4334
1632
2532
532
2775
544
791
111
783
2803
186
350
3845
123
2149
2655
3276
3744
3062
3789
825
3111
1762
4223
345
2944
3372
451
2628
866
3787
948
2971
45
987
3634
2208
1047
19
4087
3376
579
2571
2083
4164
1919
2586
3920
3017
466
2847
3159
3413
2170
1358
833
4288
977
4383
1709
2464
2996
4391
1901
1343
74
3490
91
1368
1896
2529
870
969
3625
1270
1350
2884
1491
377
2948
301
2531
3965
3790
1429
2660
3401
4296
250
2929
1190
352
526
4306
2153
2824
4030
3582
2646
4085
782
1372
3913
3584
4107
2424
428
779
2510
4065
2921
608
1647
773
1951
128
2513
3890
1138
1767
1370
4016
1476
4171
2871
3704
2541
2526
3480
1909
75
419
1743
3102
1309
3726
1521
3858
1557
1075
1076
2756
539
2549
1482
3851
287
1497
893
1658
2344
3175
4250
2400
2530
2973
2972
1158
2699
2714
1274
1191
666
3707
420
832
3087
1864
4229
4052
3604
1268
4124
63
2666
3418
341
2026
764
2203
1141
1134
3775
257
1642
4367
593
679
3750
3507
4156
559
3481
1126
2462
3285
1850
3315
2811
669
3057
3400
3710
2950
1811
4110
2244
2134
3977
3240
3805
1290
1097
3133
703
4096
1359
3129
3032
4044
2193
3614
3101
1058
792
3714
2941
2891
3380
1078
3659
1220
3069
468
3651
772
637
3382
3670
2625
2449
1456
2297
3690
124
2205
2577
3195
3092
2048
415
142
1015
2584
3591
3577
1044
133
570
3501
4364
662
1627
3193
2656
2669
834
3482
4240
2637
3412
1102
645
125
2939
129
2336
1875
2618
2784
1433
3214
1961
3179
2888
3680
3334
1529
1692
3068
4174
3331
4017
3919
44
2030
66
3284
278
421
1783
3528
2056
610
2112
1630
2174
1283
3875
3422
1069
217
1645
3037
1862
4153
211
126
1439
3156
1209
1484
3921
1880
1877
4308
2619
3797
733
933
78
744
3952
1115
2182
3327
3642
1925
77
47
2706
2606
163
2306
482
1748
4040
789
1351
1353
2760
1124
294
1332
585
1067
1648
2073
2641
2275
3712
4076
1386
1082
2648
2257
235
648
3121
439
1279
4350
3294
3560
409
1907
2917
3114
4379
1404
3483
2391
566
2250
2883
2334
521
921
816
3279
3416
2117
1205
1300
963
1932
2696
3940
990
1820
2776
558
1576
4129
4036
2072
2133
4015
1734
4046
734
4270
98
3061
486
3478
3024
3612
2829
1453
1032
2957
2690
924
3543
2186
2466
3621
3204
1948
2777
194
1606
1822
23
2191
2572
1084
1586
4055
2836
2851
112
2248
4254
757
267
1410
3132
412
2181
148
1374
2934
1079
2331
1569
896
3581
2825
2898
3645
3684
3866
2550
892
3791
2802
3165
1927
1503
1251
1732
2805
739
988
2010
3798
3320
4303
3357
3976
25
2295
2588
3089
3693
2467
4217
1281
3938
2124
3306
3173
4311
2062
2090
1361
264
3813
1449
3411
1926
3252
3022
3098
4117
1340
3575
3312
1381
3777
2031
3359
2774
3887
284
1903
2747
2288
3149
1917
4136
417
598
2978
1666
1946
538
1043
2600
2724
1983
1962
4265
685
3828
758
88
1722
3911
3879
1059
2368
2310
3029
3580
1421
1346
696
3723
3055
3000
2465
4158
1408
34
1843
660
3660
1861
2037
781
1609
2447
3153
2604
1409
4070
1169
1187
366
433
4150
465
478
1784
2165
2461
2598
3167
1292
2854
1380
2266
1050
431
2986
1210
2454
1018
4309
2337
1740
1821
547
1234
2469
511
3238
1081
3595
2797
4392
2122
99
3904
3601
1751
1173
889
965
3863
3208
346
1285
675
3990
3686
4112
2210
1533
2107
1101
3876
4202
863
3729
505
4188
3360
2425
3260
3760
748
3247
1731
904
4255
2783
2055
3762
1142
760
2766
1145
4004
362
3053
3310
4133
423
3932
3364
2293
2345
3385
3579
2674
978
1208
708
843
814
4093
3892
1799
3568
3681
1829
2614
846
1873
1451
1750
1396
2722
1244
561
3469
949
1605
774
463
1831
3094
1727
2429
4237
334
1671
1002
1480
60
4239
2778
3012
2115
2473
1235
3532
2739
2994
3746
1881
2563
3605
1556
3258
387
3781
2663
1333
3671
4266
2875
1012
1629
1481
1540
4384
2793
2474
2863
968
4029
1195
3910
4341
2556
1980
862
1550
2820
1883
2874
627
1096
2326
2322
1568
3754
723
738
3085
67
4011
2607
3106
625
542
2332
2548
1167
1143
2860
2562
3280
1860
3378
3397
3765
2217
3221
2765
4347
2930
830
1984
177
4372
2527
3340
3815
204
1865
3652
594
436
2959
534
4090
3254
3842
1369
1354
3523
3113
1146
2815
356
1407
3336
3262
3205
17
3184
2374
1352
72
2486
2070
2445
1691
296
793
2436
3303
2852
928
3626
2355
654
729
1967
1719
554
3882
1839
3576
3035
605
765
966
1972
3698
2632
1400
650
1816
1614
3263
140
145
820
2154
3163
105
1717
4381
36
4109
1055
1978
4177
71
2753
1357
980
2946
3424
4172
2129
2301
3964
1541
274
1528
1232
2647
3735
1623
3026
2904
4157
1347
573
3727
272
291
2695
1282
2123
3425
3829
2623
3404
2131
2564
3800
4074
4139
3779
3734
4062
1795
1527
3616
3772
4169
1867
237
2757
1375
3329
1310
2786
1218
4143
1922
1747
8
1683
4344
79
2990
991
69
2011
2313
4359
973
4385
4083
1772
1534
740
1457
9
3047
509
4025
2045
2818
3534
2816
1215
3927
1016
2819
768
3459
22
1781
1025
3617
628
1920
3004
3273
976
1937
185
3230
550
3953
2034
33
657
510
2810
2796
2335
3740
3455
3753
3013
3466
3462
3608
174
3996
1546
1488
127
3176
2676
812
1391
1827
2214
515
2441
1107
4179
3381
493
4394
1559
2719
1465
2294
3631
1963
2785
1549
2451
4338
3460
3253
3881
885
3107
2014
4225
2580
3203
3225
3025
1741
2004
1803
1338
299
767
2307
1838
4310
3194
2869
2375
1874
1574
3052
1662
891
4300
2388
289
3118
1131
3045
1019
2351
2439
3088
3322
3075
1109
1566
281
3248
1837
27
1591
1222
10
2710
2246
3527
3706
1246
1670
166
4390
1712
1020
2942
2356
1554
3641
2780
2329
2415
4166
3027
3705
3868
2270
3512
1175
2211
216
2768
318
300
2237
1665
556
2130
218
1111
4332
3211
3862
2256
2890
1815
761
731
425
1053
3239
513
1155
3739
2640
3610
2159
1029
2856
1987
293
1770
3458
416
4380
3126
484
1981
1379
1320
4302
326
3565
4037
3086
172
3989
3305
2567
1636
4328
746
2692
4290
2613
2393
2686
649
2576
3820
2240
2409
2702
2304
434
1564
3389
3669
1544
3043
1753
1587
316
2458
1949
2299
181
4075
3440
3758
4284
2631
4119
1943
3396
367
3973
429
1149
313
1992
2253
656
2720
1363
108
2565
3064
3906
3991
3557
1583
3218
1317
1188
4307
1955
3183
974
3441
1638
223
4181
3738
3272
2197
2587
467
3463
2585
4387
3794
3108
971
3104
2272
30
1856
633
2216
753
2685
3224
2736
3533
3443
3317
1054
3060
1613
3801
3722
527
857
3128
939
2841
2427
2171
200
887
951
2536
382
2372
1538
201
3886
1249
3861
2081
2179
2503
3439
1652
273
3946
357
2772
254
1959
1288
1832
3398
188
4397
2089
389
170
589
1156
202
985
3922
1339
2716
3281
3535
1307
2951
2278
2889
1427
3945
1510
3632
2675
483
3802
2233
695
3563
786
2754
3051
3926
1028
1402
2688
4304
2384
2277
3410
3120
2787
3788
3556
873
1596
2807
1371
1493
1916
3090
1051
3593
2634
3795
1537
3889
401
1633
4327
4215
3629
4042
4252
769
4268
3928
2694
1161
3636
3475
2371
4091
2017
3264
2406
3810
2511
684
1256
2426
477
2346
3832
2603
4013
2582
1970
2514
1653
3518
1579
365
2007
1330
3453
2300
461
741
2075
2114
1211
4218
2405
1065
1176
1872
3552
574
1824
2408
2434
2273
2759
1988
2554
591
3080
92
2120
1886
1752
1241
2683
1008
337
2551
1733
1438
3142
659
3831
687
4135
2977
3040
64
52
1899
954
4123
1793
1522
118
2916
3505
1448
4194
4214
1694
65
3537
1297
3554
3077
3562
1724
2243
1676
2594
1904
104
3353
3908
3162
2544
3002
3884
234
2137
2599
1299
2617
1373
1603
4200
2101
1513
2518
3201
2479
621
1271
1607
2638
655
3883
399
996
4386
1737
2799
1057
3982
4144
4195
986
2708
597
3386
152
691
2024
1504
3152
2022
616
1086
3146
4289
3330
2206
1547
1714
3296
1424
569
3646
3474
136
3065
2341
801
84
1520
2546
308
2027
1761
3070
3150
941
2040
1000
3933
1311
187
3049
3695
2448
519
4189
3216
2789
4176
777
2416
3728
2868
3003
3808
383
3116
4049
2038
4095
922
1525
203
3967
4196
4198
4295
3951
2967
4088
4261
3719
1230
2163
3034
1801
3137
4051
1027
3846
1863
1302
1471
1474
4279
4331
135
580
2096
205
3347
841
2376
1377
4101
2005
61
1024
855
4333
2249
705
2495
378
1416
1201
1483
1555
3930
3166
4142
1923
1501
1477
4163
372
426
1239
925
1445
750
923
2283
3550
3506
3479
3354
1689
4352
1393
2135
529
853
1686
3223
2477
2919
732
809
548
1093
1395
3663
2064
1127
1785
3513
3050
4035
4336
395
3664
3709
1621
173
1077
2475
3426
2317
2185
689
479
1489
1388
94
3606
3007
2798
1958
3131
3275
3627
440
3822
2691
3036
911
338
370
2401
2788
4269
1882
1723
2118
4312
1463
745
2169
3236
936
647
2964
388
4286
1617
354
4092
1242
227
280
2423
3691
2128
3452
1644
3968
638
3447
2433
2553
1432
1707
4276
4043
1833
3338
1935
2093
3497
4204
2398
1673
1280
302
4321
961
1710
1430
1585
2264
3222
373
3394
1802
4041
3414
256
3785
1649
2630
3326
517
1452
2177
2349
3139
3697
1590
4161
2106
1233
376
502
3127
4228
876
4184
1790
3716
2559
1543
2552
2621
1738
39
3844
3640
193
3082
2226
1031
1073
344
3018
255
2091
4292
652
1245
2238
2023
1447
2282
2505
1830
2651
1049
807
54
1287
1153
2723
3161
1840
3942
3123
564
2100
540
3358
3615
262
1200
1735
407
2923
3970
1164
3030
3016
1841
3985
460
582
3972
3899
3406
497
4183
2029
1667
35
437
1810
2220
1976
1305
3840
1170
671
1038
1814
1654
599
2877
586
3611
2735
1122
1622
1567
3015
1960
4247
2886
2521
1836
3207
1455
2470
2173
4104
2773
1315
2431
2109
4082
3341
4028
713
323
2157
634
86
1768
2138
1660
2141
1848
1454
3678
2745
2218
2497
472
2566
2761
568
199
4009
1866
312
3112
230
4208
1989
1825
4067
2390
295
1531
1314
82
3767
2113
3079
29
277
2347
670
3782
587
1224
3733
197
455
3510
1348
2339
3345
623
1957
1885
14
2508
3504
2758
4355
160
702
906
1869
1413
1612
2146
2008
1294
3503
1275
4146
1552
2848
2453
1663
4357
259
1580
50
2320
1250
371
2047
2955
572
3450
3063
1637
2861
413
3366
4116
4108
2590
2878
3377
1010
226
983
4360
1699
2013
307
1
3650
1571
3902
3983
693
3307
1479
496
270
3472
481
1519
2172
3673
818
2998
895
1742
2987
2592
305
3278
630
3417
2843
577
2494
1500
4324
87
101
1791
2236
2744
2936
1913
2627
1196
3870
2354
3662
1212
418
2865
288
1120
3066
1041
4033
584
3259
2870
1006
1108
2480
3658
3243
4180
1473
3696
2542
501
4102
3620
37
1083
1650
1672
2202
2402
2809
51
2032
888
776
2711
3181
1930
2501
910
106
1817
2289
1805
1444
1688
2504
4159
3549
2002
3905
190
2488
3220
1953
871
3313
3349
944
239
2125
3266
403
1152
1291
854
3783
2960
3206
1178
3093
2166
1334
1626
146
3834
3192
3071
1110
3624
4191
222
4089
704
1619
840
2610
3437
4060
545
1608
4079
4301
1467
2303
3237
2540
4056
989
3871
1594
1132
2573
2016
2713
737
4326
926
2578
1071
1745
3200
2954
1788
386
4323
754
1337
3570
2435
3115
208
2065
2826
958
1180
811
102
1729
1046
2992
3936
967
2071
1562
2726
4073
1778
3657
4226
626
4349
1971
1023
4294
3476
905
2021
555
881
1342
2912
784
1417
3830
571
2845
549
838
3508
699
2042
3494
2828
1641
4151
1204
2498
1323
998
2616
2499
2737
1895
912
3850
4230
3958
1786
2751
3431
2456
2492
1634
233
2896
1434
3979
4313
2069
1713
1001
1884
3434
3158
2958
2622
2432
2076
1100
1443
2450
375
2039
1262
3361
1966
4393
2693
56
3039
877
2460
1739
646
1325
2452
1635
3097
3213
3467
1655
2389
1806
1893
1327
3587
1074
3770
1669
3415
3677
1030
398
2963
4318
258
2228
3519
4162
3956
3182
1933
1469
2831
1183
2629
4182
1450
1056
2180
2227
715
1099
4061
4319
488
130
1706
2821
3242
3630
886
2232
1045
2626
4094
3878
2902
2370
4098
1639
1763
3419
28
167
3409
4147
96
3219
2999
3292
3526
917
2194
2430
4305
3138
711
2223
4351
3590
775
614
4245
3316
2933
1442
3517
180
697
2602
2399
1813
899
3984
1248
458
3583
137
3603
320
2612
3885
2926
3873
3147
3006
155
3365
4155
1598
819
304
2102
459
1947
2381
3468
909
2052
861
3730
2126
1113
3362
3269
1725
3909
2088
3683
2067
938
4382
3592
1764
514
2547
3188
953
524
4003
4373
3586
3589
3198
15
2231
4244
1695
981
2779
1039
253
3429
4114
4128
1253
2876
831
2597
3708
2767
1267
4100
1625
3688
1938
3761
2661
2305
2911
3833
4361
3622
3628
2517
1702
7
3745
1577
2330
2484
2269
2221
2830
3351
4063
331
3715
2700
1826
1411
2082
3674
121
2161
2970
1804
2812
2642
1118
2340
1771
3937
1144
3375
3561
1798
3544
1487
4120
1898
2292
3169
1809
1319
2636
722
3689
2643
2493
2035
1878
1364
3980
3918
1403
2213
743
100
342
2949
644
3555
1615
3028
882
2001
456
2443
261
3929
348
1042
1092
2079
2611
712
3771
4365
1415
1879
3100
2620
1857
438
3679
512
1787
4221
1052
3229
1216
1900
1003
522
1329
2382
2596
3521
1240
1968
3619
43
473
3607
4069
2583
847
5
915
1514
251
405
2677
2386
2866
3755
485
3231
2832
2207
3896
2412
1192
672
2997
1975
2136
1656
2763
1349
2251
1088
339
2974
4339
3522
1890
884
3541
785
2287
1378
1199
114
1091
2649
2028
3960
4111
275
2740
3009
2509
240
3099
3433
1789
1718
3302
435
3234
1936
1011
552
4335
169
2314
869
2003
2487
4358
2652
3530
2097
4346
1708
2323
590
1616
4243
3961
24
4078
244
1406
2806
2979
4227
537
2844
462
603
2961
551
3773
984
3668
2678
2298
2838
851
4216
1760
3564
1887
1194
1418
2743
2983
2446
1643
3048
1812
959
4222
4260
4057
700
2489
937
1759
3655
319
4001
2410
724
868
3119
225
144
2873
3177
632
2937
2061
3699
1490
4274
4299
4132
3551
680
408
950
2188
143
2404
381
946
1112
1757
3639
445
1773
2367
3451
2318
3741
1376
4080
3895
2151
3749
4130
563
2025
2352
1033
2366
1301
6
1284
1475
3821
2058
686
2482
3484
4396
756
3255
3136
4039
2478
113
2215
508
4242
2364
2155
3135
2813
829
595
209
2880
3461
89
2291
4192
4154
3301
4219
1996
2413
2682
2733
3189
1858
1255
1844
3448
4018
690
1174
2709
236
3300
2057
3588
3939
4167
3859
2308
3796
1226
134
263
3261
1495
4014
730
4210
2718
606
3308
1324
1604
3180
796
2906
3164
21
1536
1090
3287
2268
1505
1399
2515
1436
3548
1316
3721
2020
1021
4278
1511
858
4320
4173
642
3949
653
583
1940
3633
221
3891
2506
665
168
3344
3572
3256
842
4032
3814
3826
3792
179
994
1715
1721
3764
266
2975
271
1905
970
1602
1682
4398
13
120
2645
2235
1040
4022
3838
3328
4273
631
3786
1104
1611
1095
677
1070
3140
1425
2755
2849
3865
719
3399
2145
3818
2537
836
828
2311
2855
404
475
3649
85
1726
3333
1765
3778
213
1123
2712
3757
3442
3489
2909
3959
3992
1551
3124
1460
673
1034
3297
3687
2962
2279
504
2981
1277
721
3073
2893
1986
1535
3713
1595
3867
2947
3428
2190
3499
651
1293
3500
3971
800
1974
1674
565
2212
391
1223
4258
3145
2394
2672
3095
3337
3154
3894
446
2633
1597
154
3578
2717
2746
879
2468
1072
215
2827
683
191
1610
903
3748
1697
2417
3046
83
447
668
359
40
1659
2887
171
2437
390
315
3257
182
1355
4201
735
3403
42
1064
1849
2721
3250
4337
1360
4178
4010
3600
1136
1193
2707
2749
2290
286
117
2395
242
4021
4363
1756
109
1336
2918
2261
1716
1624
622
1459
343
1819
2579
1851
402
470
3817
2196
3643
720
1640
156
3685
1701
3618
2087
3769
755
1397
3923
1289
1797
3157
441
2263
1414
898
2176
358
940
1680
798
1236
2771
1259
80
2362
3809
1423
3289
474
2094
916
3241
3569
4316
2471
2984
2158
4345
3558
1897
972
681
1238
2309
2156
252
4340
4034
3934
1973
449
516
3869
3766
4205
3935
4185
2595
2899
727
1993
2053
2668
3185
1189
3325
2150
3038
962
4020
3682
3444
385
827
310
3245
3498
4370
714
3763
1296
2084
576
379
4053
2935
4224
1687
53
1179
1035
3656
596
2980
4231
2184
1560
2152
3383
3597
93
2615
161
4190
62
3717
453
238
4064
3893
4343
1818
2969
3915
1584
3432
2420
3314
1730
283
3637
2653
4263
0
2192
2698
3288
1014
1304
1929
2814
3737
780
3465
1384
2516
212
3836
4235
3957
2271
4280
2234
192
2195
1581
2684
1499
1140
57
1227
913
3804
1458
1312
3311
2817
3825
935
332
1007
2945
1261
4113
2111
578
531
3178
4012
3852
1728
2245
770
471
2931
3644
364
611
3759
805
541
2575
3515
2670
4389
2254
2358
2940
196
4199
2915
3487
790
2725
914
2077
2938
1366
2762
1796
2705
1911
2316
292
694
3471
2842
2657
73
2260
1172
3293
717
2727
2377
1121
4317
1754
934
3356
132
3283
1964
1871
1703
698
3635
778
620
4005
2397
4369
810
3747
1565
845
2965
823
3020
3227
2481
3848
4212
3202
165
3191
3835
469
1273
2265
1217
1668
3924
3654
1876
3711
397
1782
4186
3407
3144
2280
3363
3445
1892
1684
1651
979
1794
2219
1426
635
4253
2327
2440
353
1365
3295
3324
1977
361
2927
2379
1942
3125
3423
3596
1808
1005
1331
2976
1766
2519
4209
3430
1306
1263
2119
2092
41
2528
2350
4086
867
3042
3117
4125
822
1578
1995
788
1700
2534
3196
821
322
4084
1847
2342
2525
3599
3246
3074
2442
4152
4203
4297
3997
1990
1664
848
2800
850
1137
3542
1344
2296
617
4149
1553
1486
1159
4050
664
919
601
1431
183
2732
1419
325
4353
535
3700
206
852
2365
3367
394
219
3988
2801
2063
3854
2808
229
178
2281
2343
3571
3244
3843
1570
1910
2857
3446
4077
2673
3346
457
1298
3897
276
4038
3321
1062
2127
3249
2284
856
4122
1502
2168
349
3907
4293
1013
1509
1286
4137
3986
2885
1696
3736
1944
3078
3291
2822
4019
333
3235
4054
2000
1600
3574
701
141
149
2085
2060
543
1679
4249
224
3969
4141
3900
3008
3103
3994
309
1428
3962
1854
3667
3186
2867
442
1592
3083
4238
2500
2920
3170
2742
4187
1758
1231
1066
3853
150
3323
890
3391
90
119
3332
2183
4211
995
3768
4000
49
347
3067
4374
2750
3454
3044
4197
4026
3950
3405
1313
875
2601
2834
787
952
2914
1466
1572
2704
2792
3010
487
1496
4138
1094
3955
3449
3041
1335
2049
1675
1842
1420
2570
2730
3812
1601
2850
2993
247
3981
1855
1690
3477
4342
424
4285
1345
2041
450
530
2932
2731
707
1229
2209
975
2132
3547
4145
1221
454
3925
3390
2385
3033
1171
1022
3402
1982
1389
1952
3987
282
1367
3594
1746
55
4220
1440
3916
878
3233
3824
151
900
3653
4105
3524
48
1870
452
2791
1464
1048
1934
3168
2242
3874
4047
2483
3847
422
3661
1362
3941
3903
3011
1515
2995
393
3369
103
328
3718
11
3368
2187
1563
618
427
336
1705
1435
2054
2667
311
3841
1160
4068
3151
1599
2764
2752
1852
2654
3072
993
1508
464
3091
837
2286
3511
1950
2985
2872
3546
3348
4103
3081
503
2535
1575
1845
1254
2782
932
4272
2988
1498
410
2840
1308
249
492
3638
4118
4376
1258
3807
2522
902
2148
1203
3780
495
2882
3059
3944
297
3268
883
706
1492
2991
1828
3486
4368
2438
771
2701
1800
2104
2538
3947
2414
3282
2913
2167
3598
4241
4271
2074
2201
575
1278
1181
2561
443
1390
752
3488
2574
3720
3912
498
1530
374
3384
546
2095
639
2491
1125
1412
3694
2897
16
290
3
3056
2635
4257
667
3456
2966
2252
2321
3514
808
1080
2239
1991
2328
957
4106
2360
2952
3856
4071
560
4006
2581
3197
2160
164
3277
228
2262
3109
1166
2769
159
874
3609
4
2728
2671
2285
1736
3335
1119
324
3014
2050
3602
1182
1177
2230
4330
2804
1186
4165
2741
1468
797
2795
1085
2846
1912
2523
2204
2009
4234
4236
826
3122
1197
2463
406
1328
1184
947
97
2199
3998
2608
489
3752
2006
1383
3352
2555
2162
1257
1545
2879
95
3914
557
411
3496
2910
3827
1202
3265
1004
4314
2059
2928
1956
4045
384
1114
2609
2324
1924
3799
3816
1252
762
4283
982
2989
329
960
2086
1162
609
2258
3130
725
3943
2363
3143
1157
3703
298
803
3270
2659
2748
4282
3374
3648
1446
476
1711
4131
2338
3217
335
1106
2490
661
897
1272
3860
751
4134
351
1779
414
2175
1322
176
766
2276
1685
3539
3171
2520
1774
3464
269
641
12
38
2664
4354
1994
3436
2770
1266
3493
432
1060
1494
4140
363
3995
728
2589
2419
2835
1150
2302
2790
1461
692
2908
2697
1526
1834
3545
581
3880
4066
2333
2457
674
3954
2533
1518
4277
4371
1265
1260
2189
4291
3134
241
2496
640
1276
2348
1755
3209
3525
3665
536
3355
4213
1401
2895
4170
3993
1130
1214
3485
1472
2078
4375
3731
3559
2139
1589
4008
3373
2033
1063
2858
2110
306
588
3215
246
1098
3999
2392
3776
2267
317
3110
1507
3155
865
4175
3199
2121
1225
1478
3803
3774
794
1243
4259
2407
268
131
2099
2369
3457
2383
688
3855
4264
285
3342
480
2108
1945
3784
1965
3823
3299
3148
3350
2925
4262
1517
4207
2507
604
1382
4298
1954
2862
2229
2658
500
26
520
68
3751
4002
1341
3054
3901
355
1997
1657
3613
4356
2864
2953
2312
3492
1128
1918
260
1775
340
4007
3058
1148
2143
2051
279
3286
2428
2068
4115
1561
3811
4322
815
1889
232
18
321
4362
3872
195
2140
4193
2116
3857
1998
2738
2892
1908
3387
392
682
2543
2943
1939
3567
2396
1823
3724
1139
4246
1588
2903
2200
2472
1394
1539
3948
2422
3864
3963
162
4329
1264
2539
663
1154
1087
494
3732
1017
4233
444
2325
1523
943
2103
2012
3370
368
3005
4348
839
110
1749
175
1036
4395
4325
2043
747
3898
214
3495
2639
1891
3343
799
3888
4023
3553
3473
2679
3536
1185
3274
518
2198
2593
3096
58
1846
930
1681
2681
2222
4097
3309
3076
997
844
619
122
3271
600
380
4048
1321
624
1593
490
327
1103
2900
1915
1524
1247
3676
303
804
107
2922
1720
2839
3190
2956
2901
2823
243
736
81
817
1921
1941
184
2411
448
3187
2098
3339
1385
360
643
3379
