503
798
1075
625
691
757
436
1526
1414
1408
1555
933
1552
970
1407
1439
783
716
1209
613
528
1584
563
697
191
1043
76
336
131
886
1145
1071
437
1300
1376
966
223
707
860
999
1495
122
244
230
316
1546
1236
205
1105
1453
659
56
366
808
968
119
1486
670
534
552
1134
193
995
1544
1136
1499
226
1125
610
272
1528
224
599
1310
943
856
500
1115
275
784
1233
143
1070
96
315
100
671
162
1573
1564
1230
439
700
170
49
703
86
1084
311
151
1001
1275
490
196
1401
690
786
1492
770
322
1374
1194
1294
1511
1208
941
1560
1491
197
353
1217
414
1382
752
756
1107
974
95
1586
1388
1089
150
1500
1261
280
556
692
1397
940
1220
693
997
746
921
520
1357
629
1285
562
1046
920
656
389
331
232
1151
1467
276
1051
1531
1574
1366
1537
1114
1403
1009
329
1547
199
393
989
1513
242
1064
851
1252
10
1241
1226
1367
1232
732
643
328
1256
537
1410
1286
1123
225
1375
1510
158
733
1013
266
89
944
1293
511
649
6
451
1076
13
220
51
1069
113
134
787
740
869
1246
1143
668
1254
906
1553
132
286
1077
299
785
713
1336
273
533
981
688
758
1196
208
1202
1238
1588
1239
12
85
571
410
1451
1265
373
795
1109
881
895
43
938
1550
221
767
1097
867
1108
873
1268
34
1432
288
64
137
378
749
8
597
684
318
31
1244
539
914
1475
1222
333
510
467
1206
1237
310
1425
189
1278
106
463
1057
1321
1264
772
1587
948
1433
183
1301
676
388
620
97
917
1129
332
635
991
41
350
1494
950
705
1530
1488
678
642
980
1350
44
59
61
219
104
342
1315
81
1395
357
644
1279
1381
153
68
74
907
290
809
871
379
1
1003
992
264
1456
796
1094
187
1174
471
1427
547
911
1361
372
623
1073
654
779
1058
499
663
1312
561
355
849
493
1049
1119
1295
312
1093
129
201
1158
254
616
1253
1021
928
392
399
742
1391
1454
1006
958
284
125
725
587
1212
829
178
377
727
1503
167
279
828
761
1250
553
1251
127
1130
344
1235
861
929
88
325
206
1223
252
140
778
1399
937
575
1242
1470
794
839
337
988
586
1161
1037
621
771
1481
349
600
435
1354
124
1227
1124
683
818
319
824
574
385
1159
640
1257
1373
445
237
152
650
116
805
1274
601
246
1563
351
60
363
647
509
504
1228
706
1141
365
202
498
484
1324
93
241
858
764
953
1365
924
293
33
470
859
594
30
1447
570
66
708
339
887
513
269
391
1497
1113
1589
1255
1296
1386
431
961
709
662
37
959
782
682
812
1133
1166
362
501
419
1086
844
477
487
1138
567
1474
359
1299
1334
1065
1344
3
762
307
190
626
1263
1273
653
430
19
698
1369
427
1139
766
1385
926
582
982
94
1532
865
1004
1234
179
975
1306
558
1024
686
618
810
927
111
596
1095
1576
1015
1378
1102
1144
724
326
1117
1342
731
546
1543
904
899
1459
651
235
274
1087
572
607
1249
1192
15
765
984
438
898
65
450
912
1383
1455
736
945
148
1304
35
1313
301
751
1389
1154
1149
689
1185
804
1127
908
133
1081
1554
1380
1514
1473
606
874
1034
1507
243
579
627
1461
1215
930
371
1047
0
524
50
231
590
320
823
497
781
282
1436
677
719
128
1477
1419
825
502
1179
1469
432
416
1415
110
1213
738
1318
1462
848
1356
21
896
55
608
1471
105
1311
884
870
532
1575
726
919
305
747
32
411
78
1396
672
300
103
229
1290
1190
240
222
1578
932
1270
1549
1348
545
514
457
1328
846
1418
1258
166
843
1449
1289
531
295
1204
993
1516
1345
655
107
161
1292
633
612
289
1248
413
1062
877
1346
317
811
1297
1160
646
516
99
1443
1184
1556
942
721
1422
354
985
1272
489
184
901
1148
423
1045
118
1446
217
998
207
568
1135
1056
1074
251
518
1142
234
1570
185
1431
400
614
398
1421
711
821
334
146
830
492
903
1533
291
409
557
1116
969
879
622
1033
1524
11
245
314
592
833
750
1429
1224
324
163
1413
1349
459
340
885
343
1200
1103
1168
1128
967
1147
188
442
247
277
543
40
1435
79
840
28
1016
1493
1277
117
112
813
1434
1392
381
637
792
1411
566
815
102
660
897
1243
1405
1096
1362
91
452
1542
1416
92
636
1038
361
1372
397
464
473
753
1307
730
1175
1012
964
584
82
45
265
57
346
850
845
631
1309
1061
1567
517
1527
1523
1036
165
583
986
261
634
213
216
176
1025
1007
780
1055
842
1079
1054
701
145
1387
1485
589
536
1247
894
1205
665
486
303
1155
263
1122
54
1110
468
1364
478
687
474
541
297
376
1424
1288
139
177
396
1146
1483
1132
1172
348
916
1529
401
1182
710
121
115
83
1316
448
936
1281
283
375
816
679
1198
475
834
1120
800
602
652
507
538
754
1322
822
142
1468
1216
866
149
394
441
1487
680
1466
479
523
718
480
164
1188
681
1423
415
1002
476
1231
854
1335
73
255
1014
1010
955
604
1260
211
915
994
542
1066
426
309
1377
418
407
495
250
741
1044
748
735
1186
456
694
1520
775
790
548
657
364
1118
1504
233
549
417
630
905
1193
194
238
819
1298
308
462
1585
868
154
120
236
1562
852
1464
204
1287
768
820
1104
1505
934
1059
114
1521
1347
1211
661
395
888
22
841
174
1225
951
1450
918
1583
472
1100
421
175
797
1398
1337
469
658
519
402
714
838
617
1163
554
1352
63
722
1522
494
1568
281
1519
425
404
759
1291
1394
347
1545
386
1169
7
1591
1218
1271
1379
302
173
619
1282
1137
1370
257
428
412
198
581
1101
763
159
1340
891
1569
910
390
603
1183
180
535
195
1355
228
383
962
466
1240
1039
889
156
760
1219
101
38
1112
799
1157
806
1582
1167
1022
540
327
1515
172
1438
2
1052
338
440
1412
1026
1580
505
1156
1506
168
979
5
1317
446
595
973
126
773
704
832
863
39
1187
857
1203
530
77
485
1566
1448
20
1579
465
1445
1541
837
186
262
1078
728
1353
527
453
578
793
1082
931
1269
1363
1259
1019
98
374
954
935
551
983
313
960
1308
1330
1153
200
1245
253
776
58
1176
588
292
1098
1359
1331
1525
674
576
1409
368
1199
1339
667
1384
1478
515
420
555
1482
893
1017
267
169
239
1420
406
25
249
1484
946
580
1480
138
569
23
1452
1498
1162
609
496
215
1572
875
696
1023
890
1320
1323
1121
67
544
1027
1072
1460
443
673
1303
1305
294
902
522
1360
382
1517
72
909
788
1402
458
1067
1197
270
855
1368
529
1080
1351
1195
1284
1440
108
923
939
1048
52
827
789
1005
560
648
702
1165
1535
287
872
1341
559
664
1042
461
171
1111
367
521
577
433
957
1463
1559
323
1465
298
1088
1548
84
384
109
36
345
1178
900
48
1262
147
403
585
1173
723
876
817
304
260
387
1338
352
1343
847
1266
1189
1508
1280
53
947
550
1400
405
1085
972
1150
481
882
160
1428
210
1083
802
483
155
1000
369
1170
1091
268
1053
306
330
971
1276
335
62
743
1210
669
144
777
598
675
611
380
878
1512
26
508
717
565
573
1030
1035
990
87
434
1551
628
593
639
1490
976
27
695
209
1063
203
1540
1041
685
1571
1557
17
258
864
356
80
429
862
1577
1152
996
729
1214
1201
1319
370
1329
181
1358
212
712
482
491
720
952
605
1565
1050
1332
978
18
836
831
90
791
977
46
1011
1267
1207
1031
24
737
1561
1581
71
1326
1437
1393
1333
1441
1283
1180
699
1221
638
987
285
75
922
641
218
321
801
1444
1534
1501
455
1476
1106
666
447
1590
214
1092
1417
624
880
925
454
506
1018
853
130
1171
835
1502
444
755
1181
271
1090
1164
807
949
1390
69
1314
744
424
422
512
1191
591
1229
1325
739
449
883
157
956
1040
182
141
826
1458
963
1404
1426
645
1457
1029
1472
256
1131
1327
1068
1302
259
227
1518
9
1539
408
1430
1538
135
14
1099
47
1536
29
1008
1028
769
1442
892
715
460
1371
913
4
803
745
192
360
965
296
341
488
1406
1177
734
42
1496
632
774
525
278
1020
136
248
1479
526
615
1060
814
1509
564
1032
1140
1489
358
1558
16
70
123
1126
