1245
394
1164
563
1060
1544
1722
1899
1893
1014
704
792
593
294
1051
698
1559
1378
1891
1466
505
214
1996
513
1940
678
1857
531
805
1476
1990
1711
8
1735
576
1406
1002
707
356
1186
935
1543
881
1640
1695
1094
1854
1511
1248
82
615
1481
132
997
1344
613
1152
1756
403
820
902
1022
972
22
221
647
117
1613
1072
1889
1285
1176
1709
1928
319
1167
699
1519
1432
52
1964
1345
988
112
1252
240
1017
1365
337
1364
587
1105
1081
877
162
790
205
637
769
987
1270
1106
602
816
1872
1183
1728
420
1008
1730
1992
312
97
510
1916
933
852
1788
246
1334
1219
879
1228
1582
1869
1827
516
1802
1921
1
116
1608
839
427
1617
1495
948
803
1845
485
1933
539
1302
434
1293
1995
1324
453
1107
1507
64
501
1839
1082
12
235
1607
158
1993
247
648
635
1309
1753
1638
1975
1705
1651
1930
1075
218
1373
1488
1435
518
157
1052
154
305
473
673
1133
697
1994
1623
891
1663
1841
490
1136
483
529
1718
1220
1506
242
416
1350
1451
261
159
479
778
560
1773
1056
599
870
850
1856
1737
264
1154
1044
1610
250
145
275
1042
268
1352
679
271
381
1598
664
209
471
1191
817
1398
1242
1947
607
232
756
1401
1723
666
845
421
1661
1099
1913
695
309
72
1910
334
1226
18
155
822
457
1235
19
1939
87
339
1257
1389
1716
398
1287
1657
1446
1655
1200
1546
1503
957
542
201
1125
1267
736
1821
1957
1317
1509
267
853
45
1642
341
1020
1682
1791
1429
222
252
1988
636
58
284
521
1007
835
1474
713
195
1395
400
251
1085
1093
1548
1673
78
1166
1058
126
954
42
173
1961
476
854
1643
919
147
962
775
1956
1581
1755
306
1538
718
1253
739
1290
728
366
825
254
1162
153
1637
1619
1941
345
659
449
975
690
1834
1809
149
1731
1959
920
1289
1087
1604
425
626
1628
1909
1026
1732
1805
740
1281
515
639
606
359
481
766
1108
311
368
9
925
956
1759
1160
616
187
1032
1699
675
1497
896
1829
329
75
538
1859
1210
846
967
1650
1312
1804
1741
624
287
1190
953
711
1873
547
517
1143
11
220
130
1330
433
138
208
1510
1028
65
905
1560
899
438
1583
1925
1097
1144
1536
941
1161
265
212
1354
528
737
1927
670
28
49
1998
1917
46
1104
597
1034
512
892
1217
1244
1915
1426
48
694
1341
1275
1508
1557
361
1616
898
1618
622
872
537
1485
1934
1018
535
1505
297
1837
1126
1383
1545
1372
1882
1875
665
354
1571
498
1831
33
1417
1880
402
1596
1784
1337
1129
752
734
474
1668
508
467
729
53
1423
590
362
84
1660
1803
499
1119
1902
1621
998
589
291
1178
710
1911
321
1445
586
1861
1367
74
387
1600
656
298
747
1431
677
1404
360
1005
1775
1576
370
1980
1599
1427
1922
750
1181
1558
248
1045
691
1004
358
1329
1518
0
627
1496
50
1351
357
811
419
1797
1170
91
179
1997
789
482
1120
107
556
1149
869
1448
671
406
1430
1901
1471
930
1419
386
1240
1969
81
1201
594
1139
1411
1971
1717
413
1989
5
1782
1368
1040
1702
480
860
1038
1542
985
1983
203
405
176
955
86
1897
458
1517
781
414
1645
493
1444
574
1459
217
1124
439
1463
1250
1585
324
831
1929
36
215
843
456
608
1088
1069
1332
1249
190
1224
643
1842
143
1382
1853
92
1027
1215
450
1179
100
23
1633
1614
224
455
567
672
1946
761
1054
1092
533
1611
295
1294
175
1895
1261
706
938
550
940
786
702
1468
496
303
1483
302
945
1487
1246
1787
1504
1943
1393
462
1103
342
1418
1523
322
1433
367
655
1924
582
102
844
929
730
1494
230
591
1241
1838
1068
1671
785
859
991
1887
548
514
1439
1531
1343
1156
668
601
751
897
625
500
110
821
646
1296
318
1498
890
577
676
412
928
234
934
73
1189
1138
21
1529
1653
952
1455
1492
1719
768
1750
1117
1128
1024
1745
611
1713
1704
772
1369
1288
340
1011
1521
810
1874
1520
142
864
1441
1214
1450
1904
1866
1347
1574
885
1155
794
1627
634
913
1572
1780
395
1184
178
1333
272
70
1811
836
1906
1862
1896
960
257
1919
238
958
1552
1777
893
824
999
1945
1549
1370
255
1280
1907
1037
1055
894
793
1202
1096
7
1278
1847
1390
105
1863
871
1715
1566
1314
1564
909
720
1761
1174
1295
723
115
196
506
983
755
1339
1321
426
1733
1563
216
1789
279
966
1846
1972
1818
1779
527
1262
1864
1084
1555
1561
1193
906
316
703
428
285
1890
93
454
951
1019
245
15
709
818
1885
1297
1540
62
206
1335
1852
1236
882
1271
1708
661
1726
873
335
119
1579
332
182
770
211
545
1348
1844
266
1798
1254
88
916
1238
1687
1421
1774
108
1080
1469
701
1300
2000
314
947
1135
210
1111
444
1284
1580
1794
943
1029
1591
1015
1817
604
1815
1305
1251
118
307
976
1968
1205
1769
1883
886
1357
1456
507
25
168
1462
1206
1053
1413
1606
632
137
908
432
270
1349
1188
397
1667
564
585
304
280
431
134
1771
290
448
317
644
1820
1453
1449
1043
658
1282
800
1380
161
106
382
696
37
1670
503
1603
1150
1033
1654
325
1951
1499
348
592
1279
274
1207
1443
3
970
1232
861
1140
1057
475
1550
199
69
1986
1260
715
228
1800
401
1114
1291
1298
1532
404
565
536
1858
256
904
725
1086
1522
1489
365
1629
1830
887
1587
1884
184
541
1976
1953
1721
1371
680
273
1967
31
1612
489
226
1700
1662
620
1950
667
333
1690
35
1118
949
1634
1067
1025
1767
573
1938
819
497
612
777
721
171
1636
236
630
1840
1742
617
104
408
640
688
1292
1491
1744
151
1569
363
1903
396
1434
369
1130
14
2
38
1749
349
1306
851
685
1338
241
1530
57
327
229
977
1263
376
1878
1428
390
1766
662
588
717
830
1748
150
1631
1526
1436
1358
1211
1377
1416
652
1810
571
1850
1048
848
233
1109
922
903
56
1796
907
1387
1685
1233
939
165
1524
924
385
865
470
1461
286
1286
1272
350
982
866
122
259
1355
1218
1675
1799
1931
378
1059
391
558
1848
6
422
731
447
1467
1259
1243
451
1480
1384
1747
488
460
486
1083
1736
1050
343
1001
1751
1991
633
223
1098
63
461
580
320
1776
773
1781
511
1472
384
1493
1147
918
379
328
765
1158
735
917
746
76
1065
776
424
1359
167
1113
509
1905
1665
687
534
1424
83
249
492
522
546
1833
1319
1258
669
1760
156
1247
1539
1121
797
1399
581
1647
1937
1541
55
1851
1727
282
1255
1403
128
89
1639
814
1400
745
1516
868
862
990
1440
1264
651
1134
1227
1071
1714
436
1680
610
54
1886
1146
700
1912
79
67
1738
34
1948
323
965
1070
468
969
804
1790
1482
654
1221
166
1310
744
774
1100
823
923
1090
1172
1313
598
724
1375
526
829
347
410
1425
767
959
1212
561
300
950
832
1405
1277
1137
1807
543
1734
253
840
858
1091
41
1049
1196
136
27
1814
867
1597
578
1676
1000
1477
423
193
1881
1786
429
301
504
1397
1437
1208
1828
1712
1936
289
1534
614
716
964
440
645
1414
407
1203
1265
910
2002
926
1115
1388
1870
1652
1402
1123
783
1361
1127
26
837
1039
1965
326
1165
1213
641
1624
1813
880
310
183
726
1832
186
445
1556
1979
815
1867
1325
1457
313
1860
1484
1966
1683
1703
827
1752
1641
1145
1515
1720
123
1888
1412
1649
1410
1266
1204
705
364
914
1894
686
338
757
912
1588
1197
1573
1078
1322
1836
1386
944
878
1812
1765
738
1696
754
29
791
1666
1772
1808
111
842
227
1490
144
572
1914
30
1898
383
973
1553
372
1562
1533
570
554
127
374
1646
1340
1692
1659
1464
1318
884
1046
1479
61
1570
1274
1132
1954
1353
1360
1669
1216
1952
1131
719
1239
487
863
139
927
1816
1209
1693
1920
1871
1932
1868
17
994
1801
1825
682
202
2001
1320
1187
113
583
1706
1269
1762
96
874
418
1460
1392
937
530
1697
1438
1656
198
281
681
1408
51
600
114
32
377
758
243
1625
125
1942
1770
1594
1458
1415
353
399
371
1819
1502
1589
1076
189
981
1223
1385
1632
185
812
1999
838
1985
1064
621
1030
1465
1981
344
293
1447
388
856
895
1356
1547
1892
1304
749
1739
986
1475
653
1006
494
1171
1420
1142
1578
657
1234
484
1185
1778
901
1672
876
568
1681
1276
1031
1009
1035
204
1644
1609
1454
24
355
1074
996
1182
1602
94
1470
1865
936
1877
1826
466
1806
68
748
788
172
472
1793
1527
1336
237
1195
826
1879
963
146
219
557
1101
855
1565
4
979
1180
1592
1822
809
464
1379
1729
1316
502
712
883
495
566
771
980
1698
389
974
942
1151
1173
435
1231
1977
1374
277
1308
1095
1724
1918
1063
430
532
1362
1363
194
849
1707
978
148
1584
1225
239
1982
1381
141
103
1331
808
742
1501
164
263
888
1590
1725
1908
1303
689
44
1684
10
446
1396
1554
80
160
1795
1923
619
292
520
1192
559
1635
1960
415
1047
1036
1148
784
71
231
47
1658
200
605
1116
469
1102
152
753
1366
1422
13
77
795
1342
1394
1855
43
834
782
1944
683
1376
946
915
649
131
1177
99
452
911
375
857
762
1537
596
1984
351
181
1677
491
708
1066
1926
299
1062
197
555
780
417
1452
409
553
1843
623
1823
1307
278
411
733
1311
802
459
618
60
807
764
296
477
1740
629
98
90
85
1792
1157
109
1513
995
1299
875
833
1073
525
1688
2003
743
989
262
373
169
631
1168
188
992
1686
478
562
603
847
331
40
1674
260
135
1970
441
1691
1409
544
1955
1949
1783
336
1664
192
174
1876
579
732
140
225
519
177
1648
1110
1407
463
315
1013
1593
523
1568
1551
828
1061
283
380
392
727
1079
1958
308
1089
787
1198
1630
1962
628
1758
660
1622
1328
465
1974
120
1010
1935
1326
968
1577
741
163
551
133
244
442
59
1163
129
1256
191
1615
20
1194
900
330
798
1012
124
1112
1159
1835
663
595
1230
642
1701
1586
1077
393
540
889
1175
1323
1003
1849
575
288
1987
1237
66
1710
1021
1678
101
1978
609
1315
714
638
1346
352
993
1500
650
121
1575
1199
692
1528
1283
269
1689
760
346
801
1525
1768
1016
276
524
95
693
1754
207
443
1605
799
722
1153
1963
549
1694
1486
1535
170
584
1900
932
763
569
931
1391
1512
1620
1679
1473
1743
1601
1973
1746
258
1229
1824
1301
437
180
1626
1567
806
759
1757
1785
1478
16
1273
961
674
779
552
921
1169
1514
1595
971
796
1327
841
39
1222
1763
1023
1141
984
1764
213
1442
1122
684
1268
1041
813
