32
52
603
251
903
542
494
368
103
1013
798
765
1441
489
1372
1636
1554
1571
890
487
1016
1263
227
509
121
1000
557
1489
1242
133
597
1561
225
60
575
1174
875
1649
1053
814
1111
926
258
1071
843
788
776
1273
795
1123
1455
299
1232
464
694
269
1506
1453
73
493
982
647
909
41
62
292
356
8
860
1223
479
787
1559
918
246
1567
932
1473
721
830
1043
1235
935
1344
1608
1252
559
819
310
534
1424
1509
1173
18
1555
630
1078
548
853
1191
1341
102
1307
607
36
1429
750
1646
578
271
434
1279
1538
129
1408
1390
221
1009
1159
469
1380
811
1049
330
1024
128
849
1101
169
689
623
899
733
302
391
1275
138
1334
957
63
544
845
202
610
529
863
171
1529
676
1047
1103
971
1426
429
1059
1104
1481
944
1112
1147
403
1331
123
1592
862
1515
458
532
473
981
1521
147
476
1357
1468
1278
1267
772
385
1094
531
1072
711
1520
704
1251
938
1132
1612
1478
956
1068
1488
76
695
973
1114
1022
1385
275
1023
560
1614
1343
883
496
698
157
1333
1312
365
1328
1249
146
880
1179
457
1500
1501
622
576
931
1625
716
492
1253
1457
975
930
835
756
1116
1613
331
325
1631
1160
1352
1118
451
167
1616
985
1146
1547
173
543
539
738
1638
591
1213
54
236
294
921
994
412
1125
723
892
1019
1001
142
1316
609
1287
411
252
550
962
1634
976
1087
436
1113
367
753
1158
144
812
752
1270
67
970
778
705
1231
1034
809
193
1362
515
625
1396
1122
974
757
972
1522
1258
1384
454
373
371
1477
1587
110
1131
145
1402
1378
1395
132
1008
1195
1282
26
405
551
577
1062
1472
238
234
1262
1650
606
1621
362
941
968
893
1532
35
1145
1221
692
661
6
402
732
209
1466
983
65
229
1274
262
1652
600
219
782
11
803
807
1338
338
208
703
1203
1416
1386
1375
934
1088
1186
1285
1105
665
1074
379
870
987
352
837
850
96
270
1185
1314
1494
86
446
540
441
1588
240
1337
924
1605
1366
759
1119
1089
1050
857
295
1403
1407
1394
929
966
480
895
564
1281
1355
75
1138
1507
51
498
306
1635
179
1640
613
61
1526
969
1154
79
528
1397
400
1479
1032
675
254
55
878
1523
1193
40
530
897
740
1052
159
92
781
706
1325
652
826
852
1239
280
491
763
797
340
796
1256
1067
250
979
1010
1152
657
1432
1342
767
794
714
1418
1233
1364
1044
199
315
590
376
1464
177
33
1190
1271
359
656
673
996
986
813
355
746
992
1038
1330
939
719
1205
745
1564
701
1548
0
518
1121
1006
34
23
1463
166
831
519
659
512
20
386
12
1167
59
848
176
1428
1135
1319
94
1648
780
1260
1039
1598
1363
148
1311
428
1004
184
455
894
664
1210
1324
481
568
42
1063
1020
988
841
1306
700
858
160
1435
1017
1637
1413
155
64
211
1508
570
243
888
1348
1574
361
861
445
901
731
317
1297
150
1446
596
1577
541
1326
1082
725
163
1079
1172
1411
824
911
1035
586
1215
1627
1194
620
1336
1487
922
1290
741
584
593
9
1077
1198
1181
1092
993
1412
1535
1519
1201
14
85
244
727
1261
1575
1085
942
545
111
902
56
266
1448
571
1360
397
265
595
1619
1421
1070
409
686
1163
585
1246
1353
1007
131
424
517
1288
1091
135
793
1076
452
117
389
1545
1277
192
151
856
44
707
896
364
1149
1196
616
48
561
1197
10
290
172
877
1569
854
885
336
165
1133
604
950
1510
1573
1187
1204
679
872
717
175
1461
948
1234
154
1106
342
300
785
1164
804
526
1099
1137
1427
769
1178
1093
1128
1576
218
1447
891
887
99
130
1558
1594
1241
818
164
463
440
1439
1516
594
354
186
1405
4
1058
1414
946
335
415
646
1440
418
220
1139
241
1643
1018
191
1374
1595
1301
907
566
920
1546
1498
1176
1641
914
24
124
1651
504
998
583
495
1259
414
450
879
152
823
1283
1537
427
276
1517
1644
1170
748
743
1332
1188
859
742
1476
398
21
1560
825
1084
574
1527
718
348
395
196
38
261
678
869
1302
791
1632
1568
506
39
762
923
1041
660
747
470
1531
523
1499
553
233
1572
1255
122
309
641
1027
806
105
951
1540
1566
1293
1628
1237
502
158
1192
7
222
1437
180
1404
140
15
284
425
1097
789
649
653
1409
771
783
1066
514
232
1624
194
838
1596
1048
744
419
1376
499
404
522
1056
1216
1292
437
438
474
161
422
672
1096
729
760
1415
580
990
399
1222
293
413
1284
681
278
296
1291
980
1617
190
89
1593
751
112
889
46
1031
1142
108
423
1618
1474
847
1528
953
840
482
1156
855
602
372
1398
1518
318
1389
380
1524
1254
961
488
1400
637
1387
274
43
697
185
324
1189
536
614
100
978
5
779
1381
206
645
477
1219
449
31
1581
1356
1552
267
558
387
964
715
662
960
886
864
47
1590
1620
460
2
392
735
329
1169
381
136
401
466
226
1584
346
118
443
520
1153
777
1626
1286
1647
1184
349
511
114
631
916
1296
1272
347
555
1289
407
430
1081
170
730
524
1585
851
1434
537
913
312
1134
904
467
465
484
810
773
505
68
611
1150
1393
1629
1161
868
1107
314
90
120
277
1615
1570
326
217
360
1458
1208
1250
426
1484
1359
556
627
1583
1280
1015
308
925
116
1551
1505
1514
1371
231
1308
915
801
268
1600
1504
949
30
337
178
844
832
1599
1217
722
84
1543
139
408
1480
680
1542
1436
658
1465
253
1345
416
565
1207
264
671
1265
1450
431
53
1276
928
1606
439
533
459
1175
633
141
618
1438
1209
1467
97
1591
1365
307
905
1645
709
691
1388
1127
1449
1482
1238
1556
80
685
569
137
247
1459
1073
1155
333
287
866
49
792
581
1417
1171
339
134
1492
1202
106
619
1335
189
720
728
1485
1622
629
1347
1182
1075
321
207
313
881
995
214
1497
101
708
650
245
668
228
257
1433
963
444
954
70
1243
483
353
104
754
357
490
1391
648
1358
388
393
1026
1399
95
608
1349
81
1549
396
57
739
579
1533
1633
298
1597
663
390
448
1212
382
1054
1610
1095
366
1129
1248
1582
98
1206
197
1304
45
16
1148
1061
1165
127
1475
1382
87
50
713
833
828
712
1462
248
198
800
501
297
115
327
237
516
1544
1294
1579
1406
203
683
1361
936
109
521
1320
1322
88
305
107
984
572
29
755
836
223
588
589
1244
1245
472
1124
1321
1014
273
282
1080
1295
693
1042
375
183
775
644
1460
1214
527
1033
279
311
1257
642
1469
1315
1471
1046
249
83
563
420
351
1491
639
1199
1110
947
1180
605
332
927
162
1444
215
13
626
643
867
734
456
774
805
66
37
263
1642
303
952
1117
204
1224
119
205
632
1141
1317
876
573
334
790
442
383
770
1456
1305
370
1557
125
507
1425
1541
1351
1602
882
991
410
1578
624
699
471
1607
1470
933
906
1369
702
1090
239
1354
940
1030
508
485
319
322
224
682
1303
989
210
538
842
1495
1452
1120
242
1630
736
1503
3
1055
1534
687
834
1445
497
937
617
374
873
1309
898
684
1157
212
286
1339
1036
1100
1539
1419
28
1392
1064
587
78
1021
1229
549
1586
1220
1168
598
965
601
1012
912
1536
213
999
1228
1005
690
525
1451
1603
1029
1346
153
829
1410
328
1340
967
784
1562
900
350
817
181
737
815
802
667
1268
1609
827
182
799
666
1550
1512
1431
1604
259
615
958
74
461
1370
285
201
1143
821
435
846
599
369
281
1443
710
871
1166
283
384
1040
766
69
1639
1379
945
291
1373
1318
188
908
554
955
1601
820
1051
1183
432
1496
1350
1083
917
1144
1003
1310
1108
235
1200
1
1115
433
1327
1266
1377
1442
19
761
1060
289
320
1225
304
200
959
1162
582
1240
1002
628
726
1098
808
17
358
343
997
1454
1057
22
1177
513
1236
634
168
93
822
562
230
1430
1422
1247
25
696
651
341
1269
195
462
1401
919
256
1218
510
592
1623
417
113
486
865
1025
567
1264
1227
272
724
174
1530
1299
406
1069
143
149
688
1513
636
1130
1300
670
421
468
1045
323
260
1511
1420
500
1368
58
874
1580
1126
475
640
1086
1230
1329
1313
1565
1493
82
156
1011
345
1423
71
677
1525
255
1028
1140
547
1383
503
1151
478
638
126
1502
910
1486
1589
1136
187
768
27
764
943
72
1109
977
288
654
621
1323
635
1490
394
1553
91
77
1211
552
453
447
612
839
1483
758
669
749
1226
786
546
377
216
301
378
816
1102
674
316
1298
1037
1611
363
1563
884
535
655
1065
344
1367
