940
813
151
1018
985
671
451
1192
547
864
765
491
846
40
531
281
37
1020
157
964
787
657
689
466
750
1160
829
503
665
902
1022
368
747
345
1045
163
771
121
1284
56
206
557
1238
4
88
300
962
1023
445
852
661
1211
194
724
203
1282
427
174
749
744
789
223
386
1201
105
606
540
680
390
69
678
385
1237
440
1252
17
277
954
720
337
381
504
434
215
587
727
984
638
496
209
202
900
248
666
1099
1225
46
674
1110
195
144
805
663
974
926
1016
626
1228
330
803
154
564
73
483
1145
180
830
760
746
610
320
112
219
58
640
1207
285
398
408
699
1144
758
862
580
1085
1071
943
1132
767
948
533
229
961
915
1164
1105
111
1118
1231
981
1021
265
404
752
559
745
1165
362
387
425
514
835
886
104
85
592
495
199
267
579
30
1181
100
1055
770
1197
798
800
523
212
28
12
754
827
656
311
697
43
90
364
448
423
254
1098
35
973
763
177
173
1217
812
410
808
158
877
178
264
1139
87
346
683
34
113
490
793
347
356
249
130
1041
161
795
253
1035
324
1191
64
1256
881
1117
570
1081
1126
1262
582
1080
170
65
106
947
184
509
402
1235
133
963
119
866
1062
871
906
1010
825
623
96
581
358
882
1134
907
1128
1203
901
57
857
851
714
911
802
1115
530
966
598
1152
260
488
1242
185
1076
909
449
415
1198
619
605
1104
1220
912
1014
477
84
1143
872
500
723
1269
1267
236
560
807
618
6
132
1222
377
624
708
725
1196
662
89
990
1167
1188
970
76
181
407
773
232
869
639
777
1113
809
296
1190
355
360
1058
384
166
420
441
292
759
1122
1221
1036
885
29
1073
186
1015
556
1154
975
993
1000
644
429
1205
1092
566
247
735
118
1224
776
331
211
290
309
374
1083
646
22
718
1219
643
164
960
1030
433
62
147
537
479
549
1261
918
1248
686
1047
653
938
836
905
1179
473
93
1065
494
637
1241
47
884
278
426
956
269
261
942
1001
307
687
992
359
1244
250
867
314
739
272
1032
1272
372
20
462
237
845
71
414
122
137
97
117
532
647
444
667
934
865
412
1247
717
472
1006
861
61
526
416
316
935
999
135
933
1157
27
515
522
1002
1283
268
575
856
811
589
258
138
1103
681
986
319
325
480
39
134
1149
351
837
1193
839
888
654
816
78
684
23
775
972
201
1091
354
1096
1156
1199
573
197
74
1069
513
369
140
400
1102
222
879
804
396
742
988
280
1210
1052
1155
289
72
633
931
225
207
1057
283
95
305
149
740
465
853
156
967
810
42
597
602
534
743
817
1230
102
762
904
801
1012
411
1255
585
363
371
1051
306
169
913
458
257
75
432
617
621
1171
991
769
1061
863
123
1100
761
409
751
634
1169
1280
1150
528
722
234
1142
577
764
378
417
439
679
107
1233
224
460
312
669
54
273
673
613
1253
3
1189
1024
266
507
840
172
182
658
736
367
1140
893
255
949
1175
1146
1064
792
10
239
141
553
898
997
328
924
256
929
48
1007
596
525
1214
2
1249
1095
593
636
1260
26
1027
706
779
220
794
114
1177
1173
334
150
1183
205
887
196
847
155
244
860
187
1079
262
823
1204
435
989
235
467
890
1265
1114
143
485
980
1270
755
51
126
1215
1078
1025
176
1178
768
153
463
120
1003
568
1111
1049
471
44
41
707
690
252
101
1
489
562
198
14
711
1097
538
263
797
1162
1046
1034
832
668
1101
728
190
693
594
214
922
1028
401
246
323
452
1223
548
380
357
461
365
91
304
145
612
784
883
506
183
1019
620
1005
1194
1187
941
476
317
642
366
168
831
1277
551
493
880
889
291
757
554
849
552
167
284
1011
474
843
243
464
908
487
124
741
1042
945
569
315
841
971
128
286
36
1109
393
204
454
379
333
32
782
1200
1120
1218
1254
450
874
422
68
1274
788
652
497
1281
221
1168
601
578
1264
208
1208
231
875
15
895
55
572
1116
338
70
756
1127
274
0
957
1029
294
1119
1182
704
632
459
5
923
297
1123
430
535
77
270
650
571
1240
228
1250
546
60
1059
1094
188
1106
392
1206
670
842
705
834
127
1129
896
700
342
701
628
1176
692
9
664
1236
271
1054
1124
428
876
453
361
301
608
482
659
854
1060
340
590
953
251
702
1257
1038
542
539
1186
443
1246
543
778
1232
868
389
894
521
982
1137
833
649
1125
536
83
563
790
630
1158
110
303
567
625
350
969
1043
1279
1245
456
293
21
721
1212
682
373
622
1135
191
7
1136
302
1026
481
952
1263
1153
703
1040
916
1087
1278
976
1170
645
1133
125
99
242
641
299
558
753
600
298
1033
785
928
501
965
919
397
336
820
555
468
498
403
470
436
94
855
968
218
651
983
826
79
1138
115
146
959
1086
1172
1227
1050
259
1068
828
25
8
508
955
226
136
1266
1229
599
16
1258
511
738
1048
332
1074
502
870
275
1039
352
131
685
1037
766
159
165
1090
227
1195
595
561
709
437
457
49
1147
712
175
1151
1259
421
1251
98
80
1234
1082
696
917
152
1072
1273
370
406
335
192
348
921
92
447
950
676
391
944
730
1239
1163
994
1184
139
1180
210
892
394
614
510
677
446
241
583
353
431
518
213
478
550
1209
1271
171
694
1066
327
748
586
731
660
713
772
279
1075
565
1077
310
383
648
858
419
939
1226
958
52
824
850
295
1148
1013
544
1009
129
31
946
1213
576
376
276
1004
1089
399
240
1031
672
951
838
455
339
329
936
786
914
848
1131
821
774
977
1053
635
604
806
734
142
1121
588
780
469
1107
814
233
288
710
611
505
193
519
822
308
695
230
979
160
1216
903
818
1067
1161
737
591
574
11
732
499
18
313
998
844
1130
603
382
655
978
698
1017
179
527
878
726
616
475
424
108
910
486
627
1108
1275
925
607
1056
815
343
1088
937
1112
438
375
282
388
492
1243
891
24
529
691
322
1276
200
38
545
584
321
418
287
897
517
1044
609
899
1070
631
1202
63
629
733
1268
318
987
189
341
791
1063
53
413
716
715
82
326
1185
512
349
1008
116
148
33
932
859
719
109
796
66
86
405
1093
995
799
216
781
927
103
45
13
520
996
930
442
615
1174
819
920
50
1166
1084
1159
238
67
162
873
395
729
217
524
59
783
245
81
19
516
1141
484
541
344
675
688
